0 0
0 1
0 2
0 3
0 4
0 5
0 6
0 7
0 8
0 9
0 10
0 11
0 12
0 13
0 14
1 0
1 1
1 2
1 4
1 6
1 7
1 8
1 9
1 10
1 11
1 12
1 13
1 14
2 0
2 1
2 2
2 3
2 4
2 5
2 6
2 7
2 8
2 9
2 10
2 11
2 12
2 13
2 14
3 0
3 1
3 2
3 3
3 4
3 5
3 6
3 7
3 8
3 9
3 10
3 11
3 12
3 13
3 14
4 0
4 1
4 2
4 3
4 4
4 5
4 6
4 7
4 8
4 10
4 11
4 12
4 13
4 14
5 1
5 2
5 3
5 4
5 6
5 7
5 8
5 9
5 10
5 12
5 13
6 0
6 1
6 2
6 4
6 5
6 6
6 7
6 8
6 9
6 10
6 11
6 12
6 13
6 14
7 0
7 1
7 2
7 3
7 4
7 6
7 7
7 8
7 9
7 10
7 11
7 12
7 13
7 14
8 0
8 1
8 2
8 3
8 4
8 5
8 6
8 7
8 8
8 9
8 10
8 12
8 13
8 14
9 1
9 4
9 5
9 6
9 7
9 8
9 9
9 10
9 11
9 12
9 13
9 14
10 16
10 17
10 18
10 19
10 20
10 21
10 22
10 23
10 25
11 15
11 16
11 17
11 19
11 20
11 21
11 22
11 24
11 25
11 26
12 16
12 17
12 18
12 20
12 22
12 24
12 25
13 17
13 19
13 20
13 21
13 22
13 23
13 24
13 25
13 26
14 15
14 16
14 17
14 18
14 20
14 21
14 22
14 23
14 24
14 25
14 26
15 16
15 17
15 18
15 19
15 20
15 21
15 22
15 25
15 26
16 15
16 16
16 17
16 18
16 19
16 21
16 22
16 23
16 24
16 25
16 26
17 15
17 16
17 17
17 18
17 19
17 20
17 21
17 22
17 23
17 24
17 25
17 26
18 15
18 16
18 18
18 19
18 20
18 21
18 22
18 23
18 24
18 25
18 26
19 15
19 16
19 17
19 18
19 19
19 20
19 21
19 22
19 25
19 26
20 15
20 16
20 17
20 18
20 19
20 20
20 22
20 23
20 24
20 25
20 26
21 15
21 16
21 19
21 21
21 22
21 23
21 24
21 26
22 15
22 16
22 17
22 18
22 20
22 21
22 22
22 23
22 24
22 25
22 26
23 15
23 16
23 17
23 18
23 19
23 20
23 23
23 24
23 25
23 26
24 16
24 17
24 18
24 19
24 20
24 22
24 23
24 24
24 25
24 26
25 15
25 16
25 17
25 20
25 21
25 22
25 23
25 24
25 25
25 26
26 15
26 16
26 17
26 20
26 21
26 22
26 24
26 25
26 26
27 15
27 16
27 17
27 19
27 20
27 21
27 22
27 25
27 26
28 15
28 16
28 17
28 18
28 19
28 20
28 21
28 22
28 23
28 24
28 25
29 15
29 16
29 17
29 18
29 19
29 20
29 21
29 22
29 23
29 24
29 25
29 26
30 15
30 16
30 18
30 19
30 20
30 21
30 22
30 23
30 25
30 26
31 15
31 16
31 18
31 20
31 21
31 22
31 23
31 24
31 25
31 26
32 33
33 40
33 49
34 53
34 112
34 225
36 85
36 95
36 148
37 38
38 43
38 50
39 41
39 115
39 165
39 177
40 82
40 170
41 80
41 99
41 106
41 154
42 199
43 175
44 60
44 76
44 211
45 154
46 78
46 112
47 140
47 211
48 171
48 178
48 219
49 47
50 116
50 158
52 145
53 59
53 218
54 31
54 66
54 197
56 113
57 68
57 167
57 191
58 43
58 105
58 184
58 197
59 38
59 53
59 84
59 85
59 143
59 193
59 206
60 28
60 104
60 132
60 154
60 161
60 183
61 72
61 140
61 154
61 198
61 204
63 48
64 29
64 63
64 91
64 159
64 207
66 44
66 147
66 220
67 131
67 173
69 60
69 70
69 77
69 116
70 186
70 205
71 45
71 61
71 82
71 95
71 134
71 163
71 177
72 177
73 214
74 55
76 62
76 129
77 108
77 124
77 154
77 216
78 110
79 179
79 180
80 117
81 118
81 161
81 177
81 208
82 145
83 45
83 112
84 63
84 114
85 189
86 162
87 190
87 221
89 77
89 99
89 210
90 134
90 151
91 55
91 92
91 151
92 113
93 30
93 41
93 148
94 40
94 112
94 123
97 29
97 70
97 148
98 124
98 153
99 195
100 220
101 45
101 79
101 188
102 101
102 212
103 83
103 148
103 221
105 111
105 208
106 33
106 44
107 123
108 93
108 96
108 115
108 159
108 189
109 152
111 65
112 48
113 77
113 82
113 174
114 142
114 155
114 216
115 42
115 103
115 111
116 154
116 163
116 192
117 144
117 162
118 136
118 203
119 160
120 117
120 199
120 225
121 82
121 172
121 204
122 32
122 88
124 204
126 158
126 173
127 80
127 90
128 172
129 27
129 35
130 34
130 53
130 61
130 148
131 126
132 228
132 231
132 238
132 242
132 253
132 254
132 272
133 249
133 264
133 266
133 275
133 310
134 227
134 237
134 247
134 266
134 273
134 293
135 238
135 252
135 254
135 269
135 285
135 290
135 293
135 305
135 309
135 310
136 234
136 248
136 249
136 266
136 299
136 301
136 302
136 311
137 238
137 244
137 245
137 256
137 257
137 259
137 261
137 262
137 279
137 291
137 299
137 300
138 237
138 251
138 256
138 257
138 276
138 281
138 290
138 291
138 300
139 228
139 231
139 251
139 253
139 254
139 258
139 259
139 269
139 285
139 293
139 295
140 243
140 248
140 252
140 257
140 259
140 260
140 263
140 264
140 276
140 281
140 289
140 293
140 303
141 231
141 242
141 244
141 246
141 255
141 274
141 301
141 306
141 315
142 228
142 231
142 248
142 252
142 259
142 269
142 285
142 295
142 306
142 307
143 229
143 233
143 278
143 290
143 298
143 300
143 305
143 306
143 310
143 311
144 240
144 251
144 252
144 257
144 273
144 275
144 276
144 283
144 289
144 290
144 292
144 309
144 311
145 228
145 239
145 242
145 246
145 248
145 267
145 270
145 271
145 281
145 282
145 290
145 309
145 310
145 314
145 315
146 235
146 237
146 258
146 261
146 269
146 276
146 285
146 292
146 313
147 236
147 243
147 251
147 270
147 290
147 306
147 312
148 237
148 240
148 241
148 258
148 266
148 271
148 275
148 278
148 285
148 288
148 289
148 302
148 306
148 307
148 312
149 241
149 244
149 250
149 271
149 281
149 285
149 305
149 306
149 313
150 241
150 252
150 258
150 261
150 278
150 279
150 283
150 295
150 297
150 310
150 315
151 227
151 236
151 238
151 249
151 252
151 269
151 272
151 287
151 300
151 307
151 309
151 310
152 235
152 238
152 250
152 266
152 269
152 271
152 280
152 294
152 307
153 229
153 230
153 253
153 282
153 289
153 292
153 302
153 316
154 232
154 234
154 238
154 239
154 242
154 267
154 278
154 311
155 234
155 260
155 275
155 287
155 295
155 308
155 312
155 313
155 314
156 239
156 240
156 268
156 270
156 272
156 286
156 290
156 291
156 296
156 298
156 300
156 315
157 238
157 254
157 255
157 268
157 271
157 275
157 289
157 293
158 248
158 259
158 270
158 276
158 278
158 280
158 289
158 313
159 233
159 240
159 244
159 252
159 259
159 299
159 311
160 228
160 229
160 239
160 267
160 271
160 272
160 283
160 297
160 300
160 302
160 303
160 308
161 231
161 237
161 246
161 249
161 254
161 263
161 276
161 284
161 296
161 297
161 314
162 228
162 230
162 232
162 243
162 244
162 264
162 269
162 272
162 313
162 316
163 236
163 245
163 251
163 261
163 269
163 272
163 273
163 290
163 312
164 229
164 232
164 241
164 255
164 261
164 268
164 270
164 276
164 293
164 299
164 315
165 227
165 236
165 239
165 240
165 250
165 279
165 287
165 293
165 294
165 296
165 308
166 244
166 250
166 251
166 252
166 258
166 259
166 261
166 263
166 266
166 275
166 277
166 279
166 312
167 249
167 272
167 273
167 295
167 313
168 244
168 248
168 259
168 262
168 266
168 271
168 275
168 288
168 290
168 295
168 314
169 243
169 285
169 287
169 305
169 312
169 313
170 228
170 249
170 269
170 315
171 238
171 239
171 254
171 267
171 269
171 274
171 277
171 279
171 297
171 301
171 311
172 235
172 244
172 247
172 251
172 257
172 270
172 277
172 286
172 299
172 312
173 260
173 272
173 277
173 283
173 311
174 234
174 243
174 248
174 261
174 267
174 277
174 281
174 286
174 311
175 227
175 230
175 233
175 240
175 247
175 261
175 269
175 274
175 289
175 297
175 299
175 301
175 313
176 242
176 244
176 253
176 263
176 264
176 273
176 277
176 279
176 284
176 296
176 308
177 227
177 240
177 246
177 247
177 254
177 289
177 293
177 297
178 242
178 251
178 258
178 260
178 267
178 269
178 280
178 281
178 289
178 300
178 313
179 228
179 229
179 239
179 247
179 264
179 265
179 266
179 279
179 290
179 304
179 307
179 309
179 314
180 253
180 262
181 232
181 235
181 236
181 247
181 249
181 266
181 283
181 285
181 290
182 230
182 234
182 258
182 267
182 268
182 270
182 273
182 282
182 285
182 286
182 304
182 311
183 247
183 249
183 275
183 276
183 280
183 283
183 289
183 298
183 299
183 303
183 307
183 311
184 230
184 231
184 233
184 259
184 260
184 276
184 285
184 293
184 311
185 240
185 254
185 257
185 266
185 273
185 276
185 280
185 299
185 302
185 309
186 238
186 242
186 252
186 260
186 265
186 293
186 295
187 231
187 236
187 245
187 249
187 262
187 292
187 295
187 305
188 238
188 246
188 252
188 264
188 281
188 285
188 297
188 298
188 299
188 301
188 304
188 307
189 248
189 266
189 267
189 272
189 282
189 293
190 227
190 229
190 233
190 261
190 266
190 280
190 288
190 300
191 236
191 258
191 260
191 279
191 281
191 296
191 301
192 241
192 246
192 253
192 257
192 266
192 271
192 274
192 275
192 284
192 294
192 303
192 310
192 314
193 227
193 233
193 247
193 273
193 280
193 291
193 294
193 305
193 310
193 312
193 313
193 315
194 230
194 237
194 268
194 269
194 284
194 286
194 296
195 230
195 233
195 240
195 241
195 255
195 257
195 261
195 265
195 272
195 299
195 310
195 313
196 230
196 242
196 249
196 256
196 264
196 267
196 268
196 287
196 294
196 297
196 308
196 311
196 315
197 227
197 231
197 255
197 278
197 299
197 309
198 228
198 231
198 236
198 238
198 245
198 254
198 264
198 268
198 277
198 279
198 285
198 290
198 299
198 304
198 314
199 238
199 248
199 261
199 262
199 267
199 269
199 285
199 290
200 230
200 252
200 256
200 257
200 266
200 286
200 304
200 311
201 228
201 231
201 247
201 252
201 275
201 290
201 292
202 230
202 277
202 293
202 311
203 229
203 237
203 246
203 248
203 259
203 268
203 269
203 274
203 279
203 316
204 230
204 242
204 253
204 261
204 268
204 275
204 285
204 287
204 293
204 300
204 304
204 308
205 242
205 256
205 258
206 233
206 237
206 243
206 248
206 264
206 287
206 294
206 304
206 308
207 255
207 269
207 281
207 283
207 294
207 299
208 233
208 250
208 255
208 269
208 276
208 279
208 294
208 313
209 239
209 250
209 264
209 270
209 293
209 298
209 311
209 313
210 238
210 250
210 273
210 281
210 285
210 287
210 291
210 303
211 232
211 244
211 264
211 277
211 290
212 239
212 241
212 246
212 247
212 259
212 282
212 305
212 311
213 233
213 243
213 244
213 254
213 260
213 262
213 278
213 280
213 287
213 293
213 294
214 274
214 278
214 283
214 293
214 298
214 307
215 234
215 240
215 250
215 252
215 260
215 275
215 293
215 313
216 248
216 249
216 255
216 267
216 290
216 297
216 306
216 310
217 228
217 233
217 249
217 250
217 252
217 264
217 269
217 295
217 313
218 228
218 231
218 235
218 242
218 256
218 257
218 262
218 280
218 283
219 244
219 262
219 270
219 272
220 252
220 256
220 263
220 268
220 269
220 306
221 232
221 238
221 252
221 265
221 270
221 272
221 275
221 281
221 284
221 292
221 305
222 233
223 237
223 245
223 277
223 286
224 239
224 242
224 243
224 248
224 254
224 262
224 271
224 299
224 304
225 230
225 276
225 278
225 283
225 286
225 287
225 304
225 312
226 233
226 235
226 240
226 254
226 299
227 240
227 246
227 272
227 275
227 285
227 286
227 303
227 304
228 228
228 251
228 252
228 258
228 269
228 283
228 291
228 296
229 238
229 249
229 266
229 269
229 284
229 292
229 294
230 240
230 250
230 287
230 291
230 297
230 307
231 228
231 230
231 235
231 252
231 264
231 275
231 279
231 280
231 288
231 289
231 293
231 297
231 304
231 305
231 316
232 233
232 238
232 240
232 243
232 250
232 256
232 267
232 269
232 272
232 280
232 290
232 294
233 236
233 275
233 276
233 287
233 288
233 289
233 311
234 243
234 254
234 266
234 269
234 297
234 301
234 307
235 233
235 254
235 257
235 261
235 266
235 281
235 282
235 283
235 290
235 300
235 303
235 308
235 310
235 312
236 228
236 242
236 259
236 263
236 276
236 281
236 284
236 286
236 287
236 295
236 296
236 310
237 240
237 248
237 270
237 303
237 312
237 315
238 239
238 242
238 251
238 255
238 260
238 289
238 297
238 298
238 300
238 306
239 239
239 240
239 248
239 256
239 263
239 287
239 304
239 308
239 310
240 228
240 233
240 250
240 260
240 261
240 262
240 276
240 282
240 286
240 299
241 227
241 251
241 253
241 276
241 285
241 288
241 291
241 295
241 309
241 315
242 236
242 260
242 269
242 271
242 273
242 277
242 286
242 307
242 308
242 311
242 316
243 229
243 236
243 237
243 242
243 247
243 249
243 251
243 258
243 297
243 299
243 312
243 314
244 256
244 259
244 268
244 278
244 286
245 244
245 256
245 263
245 280
245 287
245 302
245 311
246 241
246 246
246 260
246 261
246 267
246 299
246 302
247 229
247 239
247 241
247 246
247 260
247 261
247 266
247 276
247 277
247 285
247 297
247 298
247 299
247 303
248 236
248 240
248 245
248 250
248 253
248 254
248 256
248 281
248 294
248 303
249 227
249 256
249 259
249 262
249 274
249 275
249 280
249 298
249 299
249 304
249 313
250 241
250 247
250 248
250 257
250 261
250 264
250 276
250 282
250 284
250 297
251 235
251 238
251 247
251 265
251 267
251 300
251 305
251 316
252 237
252 264
252 265
252 288
252 290
252 300
252 302
252 305
252 306
252 313
252 316
253 227
253 230
253 239
253 246
253 254
253 258
253 260
253 273
253 295
253 301
253 309
254 229
254 243
254 246
254 247
254 248
254 276
254 278
254 279
254 291
254 297
254 313
255 242
255 251
255 255
255 277
255 278
255 288
255 304
255 307
255 309
255 315
256 234
256 238
256 240
256 252
256 258
256 274
256 277
256 303
256 310
257 273
257 288
257 293
257 303
257 305
258 235
258 242
258 243
258 245
258 252
258 275
258 286
258 308
258 311
258 316
259 242
259 243
259 244
259 247
259 248
259 256
259 257
259 272
259 275
259 304
259 307
259 309
259 310
260 248
260 266
260 284
260 290
260 291
260 303
260 305
260 316
261 251
261 275
261 292
261 293
261 296
261 303
261 315
262 230
262 239
262 240
262 246
262 251
262 262
262 272
262 273
262 278
262 289
262 295
263 234
263 263
263 269
263 274
263 285
263 315
264 227
264 228
264 240
264 244
264 252
264 291
264 300
264 305
264 306
264 307
264 312
264 316
265 262
265 263
265 264
265 272
265 278
265 284
265 296
265 302
265 313
266 238
266 247
266 254
266 258
266 261
266 273
266 287
266 291
266 294
266 303
267 261
267 263
267 272
267 286
267 299
267 302
267 303
267 309
267 315
268 234
268 238
268 265
268 267
268 275
268 283
268 284
268 294
268 300
268 309
269 240
269 264
269 265
269 279
269 287
269 289
269 316
270 252
270 256
270 268
270 271
270 286
270 287
270 290
270 300
270 301
270 303
270 306
271 232
271 239
271 244
271 251
271 253
271 257
271 274
271 276
271 279
271 286
271 289
271 297
271 314
272 235
272 238
272 257
272 272
272 275
272 278
272 281
272 287
272 294
272 302
273 231
273 244
273 247
273 260
273 261
273 267
273 270
273 275
273 287
273 288
273 300
273 307
274 246
274 258
274 269
274 278
274 290
274 292
274 303
274 305
274 311
274 316
275 299
276 232
276 245
276 246
276 255
276 259
276 260
276 269
276 295
276 297
276 311
277 246
277 269
277 278
277 280
277 296
277 313
278 230
278 253
278 279
278 289
278 297
278 309
278 310
279 228
279 231
279 240
279 255
279 270
279 271
279 284
279 301
280 246
280 280
280 287
280 293
280 297
280 298
280 304
281 227
281 230
281 234
281 243
281 270
281 275
281 276
281 277
281 278
281 279
281 300
281 307
282 248
282 249
282 258
282 262
282 272
282 287
282 292
282 296
283 256
283 257
283 274
283 277
283 278
283 280
283 282
283 287
283 298
284 228
284 244
284 250
284 262
284 270
284 281
284 299
284 302
284 306
284 307
285 261
285 281
286 228
286 242
286 243
286 247
286 257
286 265
286 283
286 292
286 304
286 311
286 312
287 269
287 274
287 289
287 292
287 293
287 304
287 308
288 248
288 287
288 290
288 301
288 305
288 310
289 228
289 229
289 236
289 253
289 272
289 274
289 281
289 291
289 302
289 314
290 231
290 238
290 247
290 254
290 257
290 263
290 271
290 298
290 311
291 253
291 267
291 307
291 315
292 228
292 245
292 257
292 267
292 272
292 275
292 278
292 288
292 299
292 301
292 303
292 311
293 233
293 264
293 276
293 305
294 258
294 269
294 271
294 272
294 274
294 287
294 290
294 292
294 300
294 307
294 309
294 316
295 229
295 235
295 240
295 248
295 261
295 274
295 275
295 282
295 285
295 297
295 315
295 316
296 249
296 259
296 275
296 279
296 292
296 312
297 235
297 238
297 239
297 240
297 246
297 261
297 269
297 277
297 278
297 283
297 290
297 294
297 298
297 301
297 312
298 229
298 238
298 254
298 273
298 289
298 291
298 292
298 294
298 303
298 314
298 315
299 231
299 232
299 238
299 244
299 247
299 252
299 253
299 255
299 274
299 291
299 292
299 303
299 304
299 306
299 316
300 237
300 238
300 259
300 278
300 302
300 315
301 237
301 245
301 250
301 255
301 261
301 264
301 265
301 267
301 271
301 277
301 278
301 279
301 292
301 297
301 310
302 241
302 242
302 252
302 261
302 265
302 272
302 295
302 305
303 252
303 262
303 268
303 270
303 276
303 282
303 296
303 303
303 308
303 313
304 229
304 232
304 246
304 267
304 278
304 279
304 281
304 292
304 311
305 229
305 241
305 243
305 257
305 264
305 269
305 277
305 299
305 305
306 229
306 235
306 239
306 265
306 273
306 275
306 289
306 297
307 250
307 262
307 270
307 276
307 277
307 284
307 289
307 302
307 306
307 311
307 316
308 238
308 239
308 260
308 264
308 277
308 278
308 288
308 293
308 299
309 228
309 251
309 252
309 256
309 270
309 275
309 283
309 285
309 291
309 294
309 298
309 303
310 227
310 237
310 261
310 275
310 279
310 282
310 295
310 297
310 305
311 227
311 228
311 236
311 237
311 270
311 278
311 284
311 310
312 228
312 251
312 265
312 267
312 272
312 277
312 282
312 305
313 233
313 248
313 280
313 289
313 299
313 301
313 302
313 303
313 304
313 315
314 227
314 234
314 243
314 269
314 270
314 283
314 290
314 297
314 298
314 315
315 245
315 260
315 272
315 280
315 297
315 301
315 311
315 312
316 231
316 248
316 258
316 269
316 285
316 308
317 230
317 236
317 240
317 247
317 279
317 287
317 288
317 291
317 292
317 293
318 232
318 236
318 246
318 249
318 278
318 280
318 284
318 289
318 303
318 304
318 315
319 230
319 233
319 238
319 249
319 255
319 256
319 258
319 267
319 275
319 277
319 279
319 283
319 298
319 311
320 237
320 247
320 248
320 265
320 267
320 304
321 247
321 254
321 274
321 282
321 288
321 297
322 239
322 244
322 268
322 282
322 314
322 315
323 232
323 263
323 267
323 270
323 288
323 302
324 244
324 245
324 270
324 288
324 306
324 312
324 313
325 239
325 263
325 269
325 282
325 286
325 287
325 300
325 302
325 311
326 231
326 251
326 257
326 262
326 293
326 294
326 296
326 305
326 315
327 230
327 231
327 242
327 243
327 262
327 268
327 280
327 283
327 295
328 244
328 253
328 272
328 278
328 283
328 289
328 293
328 298
329 230
329 238
329 250
329 267
329 277
329 287
329 297
329 298
329 301
329 303
330 234
330 246
330 249
330 258
330 286
330 295
330 300
330 314
331 252
331 262
331 263
331 275
331 281
331 282
331 300
332 227
332 249
332 257
332 263
332 265
332 267
332 273
332 299
332 300
332 302
332 305
333 243
333 273
333 274
333 278
333 283
333 311
333 315
334 230
334 237
334 242
334 249
334 261
334 270
334 287
334 297
334 316
335 230
335 244
335 247
335 253
335 265
335 273
335 286
335 292
335 308
336 228
336 231
336 245
336 246
336 259
336 265
336 289
336 294
336 296
336 311
336 315
337 235
337 244
337 246
337 257
337 274
337 275
337 276
337 293
337 295
337 299
337 313
338 234
338 239
338 243
338 245
338 256
338 265
338 288
338 296
338 302
338 304
338 308
339 228
339 234
339 241
339 243
339 249
339 280
339 289
339 295
339 302
339 307
339 311
340 232
340 256
340 257
340 266
340 285
340 292
341 244
341 255
341 265
341 268
341 278
341 279
341 287
341 288
341 305
342 231
342 233
342 236
342 290
342 314
342 316
343 228
343 247
343 254
343 267
343 293
343 302
343 304
344 227
344 237
344 256
344 275
344 277
344 292
344 296
345 240
345 248
345 258
345 266
345 276
345 291
345 310
346 250
346 276
346 284
346 293
346 308
346 314
346 315
347 229
347 230
347 239
347 250
347 251
347 299
347 304
347 316
348 227
348 234
348 257
348 273
348 274
348 297
348 315
349 231
349 232
349 254
349 255
349 265
349 266
349 267
349 276
349 291
349 306
349 307
350 242
350 247
350 248
350 263
350 265
350 278
350 284
350 291
350 296
351 229
351 235
351 242
351 256
351 258
351 261
351 264
351 268
351 269
351 272
351 284
351 287
351 290
352 229
352 232
352 235
352 252
352 253
352 261
352 266
352 268
352 278
352 279
352 285
352 312
352 315
353 257
353 261
353 276
353 279
353 287
353 292
353 306
353 309
354 240
354 252
354 253
354 254
354 273
354 292
354 293
355 228
355 245
355 256
355 259
355 262
355 263
355 265
355 269
355 272
355 273
355 280
355 285
355 309
355 314
356 228
356 241
356 253
356 264
356 269
356 281
356 290
356 294
356 302
357 238
357 246
357 262
357 266
357 294
357 298
357 308
357 310
358 228
358 239
358 243
358 295
358 302
359 241
359 264
359 270
359 280
359 288
359 289
360 245
360 246
360 252
360 258
360 264
360 277
360 285
361 228
361 229
361 230
361 231
361 262
361 296
361 297
362 243
362 244
362 248
362 249
362 259
362 260
362 262
362 270
362 307
362 312
363 229
363 232
363 241
363 248
363 254
363 264
363 285
363 308
363 312
364 232
364 243
364 289
364 295
365 236
365 250
365 260
365 267
365 270
365 274
365 282
365 284
365 299
365 301
365 309
366 236
366 245
366 252
366 253
366 264
366 266
366 269
366 275
366 277
366 280
366 281
366 285
366 286
366 301
367 230
367 241
367 246
367 250
367 251
367 261
367 270
367 273
367 277
367 285
367 288
367 300
367 301
367 308
367 315
368 264
368 270
368 293
368 294
368 308
369 245
369 253
369 269
369 298
369 300
370 236
370 242
370 249
370 266
370 267
370 270
370 279
370 283
370 286
370 308
371 229
371 230
371 233
371 236
371 248
371 251
371 261
371 274
371 287
371 311
371 312
372 243
372 248
372 265
372 266
372 271
372 282
372 285
373 243
373 255
373 257
373 263
373 279
373 280
373 290
373 293
373 308
373 314
373 315
374 238
374 239
374 250
374 262
374 280
374 294
374 299
374 303
374 313
375 230
375 236
375 243
375 266
375 283
375 291
375 299
375 302
376 232
376 241
376 252
376 254
376 259
376 288
376 292
376 307
376 315
377 234
377 241
377 249
377 250
377 253
377 260
377 261
377 264
377 272
377 274
377 297
377 306
377 316
378 256
378 257
378 261
378 292
378 296
379 230
379 235
379 236
379 257
379 273
379 275
379 280
379 283
379 284
379 290
379 299
379 301
379 303
380 229
380 233
380 251
380 256
380 261
380 262
380 267
380 302
381 235
381 254
381 270
381 275
381 302
382 243
382 248
382 259
383 227
383 235
383 245
383 253
383 260
383 270
383 279
383 283
383 284
383 302
383 304
383 314
384 239
384 242
384 284
384 288
384 309
384 314
385 231
385 242
385 249
385 263
385 276
385 285
385 298
385 306
385 310
386 229
386 234
386 242
386 251
386 254
386 255
386 259
386 277
386 282
386 296
386 302
386 308
386 312
387 261
387 269
387 271
387 278
387 283
387 289
387 312
388 228
388 234
388 248
388 250
388 252
388 287
388 289
388 297
388 300
388 315
389 227
389 261
389 281
389 284
389 291
389 315
390 235
390 239
390 246
390 253
390 285
390 302
391 247
391 258
391 274
391 290
391 295
391 309
392 230
392 249
392 252
392 257
392 275
392 282
392 292
392 295
392 314
392 315
393 242
393 253
393 267
393 271
393 290
393 295
393 310
393 313
394 234
394 235
394 237
394 253
394 254
394 257
394 259
394 274
394 309
394 316
395 250
395 254
395 255
395 266
395 268
395 288
395 293
395 295
395 297
395 306
395 316
396 232
396 243
396 257
396 275
396 286
396 306
396 313
396 315
397 263
397 270
397 273
397 276
397 284
397 285
397 286
397 293
397 295
397 304
397 315
398 229
398 230
398 231
398 248
398 256
398 276
398 278
398 282
398 294
398 300
398 302
399 229
399 235
399 236
399 248
399 255
399 268
399 270
399 274
399 281
399 282
399 292
399 293
400 244
400 246
400 248
400 252
400 261
400 306
400 311
401 286
402 228
402 229
402 231
402 247
402 256
402 283
402 285
402 307
402 311
403 249
403 253
403 255
403 259
403 266
403 278
403 289
404 245
404 249
404 250
404 256
404 260
404 261
404 281
404 295
404 300
404 303
405 227
405 236
405 261
405 266
405 267
405 270
405 282
405 297
405 304
405 306
405 308
406 228
406 237
406 248
406 251
406 256
406 261
406 269
406 270
406 275
406 293
406 295
406 300
406 307
407 244
407 252
407 266
407 268
407 275
407 283
407 288
407 312
408 230
408 244
408 245
408 246
408 258
408 266
408 269
408 272
408 304
408 313
408 314
409 240
409 247
409 256
409 259
409 261
409 267
409 272
409 277
409 281
409 283
409 298
409 316
410 230
410 257
410 277
410 279
410 299
411 243
411 249
411 262
411 279
411 298
411 305
411 309
412 242
412 253
412 263
412 265
412 269
412 279
412 294
412 307
412 308
412 309
413 227
413 244
413 267
413 287
413 306
413 312
414 246
414 250
414 251
414 260
414 269
414 273
414 282
414 302
415 234
415 236
415 244
415 247
415 265
415 284
415 293
415 300
415 302
415 310
416 259
416 263
416 264
416 283
416 307
417 233
417 242
417 249
417 257
417 262
417 275
417 288
417 304
417 305
417 315
418 231
418 232
418 245
418 253
418 266
418 274
418 285
418 306
418 309
419 229
419 248
419 263
419 265
419 269
419 275
419 288
419 297
420 238
420 241
420 242
420 246
420 249
420 255
420 256
420 264
420 275
420 276
420 279
420 298
420 303
420 305
420 310
421 228
421 232
421 233
421 235
421 260
421 282
421 287
421 292
421 299
421 316
422 244
422 261
422 286
422 293
422 309
422 310
423 248
423 262
423 274
423 286
423 287
423 293
423 305
424 228
424 244
424 288
424 304
424 313
424 315
425 227
425 238
425 253
425 275
425 281
425 288
425 303
425 307
426 233
426 243
426 244
426 257
426 266
426 287
426 307
427 267
427 285
427 294
428 227
428 239
428 258
428 270
428 275
428 281
428 287
428 292
428 297
428 302
428 313
429 238
429 244
429 252
429 253
429 260
429 267
429 273
429 275
429 307
429 315
430 230
430 246
430 252
430 261
430 269
430 271
430 286
430 290
430 296
430 307
431 229
431 233
431 243
431 246
431 252
431 256
431 260
431 267
431 280
431 300
432 236
432 248
432 253
432 256
432 259
432 268
432 269
432 292
432 293
432 300
432 309
432 310
432 313
433 232
433 234
433 243
433 256
433 257
433 263
433 271
433 275
433 292
433 308
433 310
434 231
434 255
434 263
434 290
434 293
434 299
434 300
434 301
434 304
434 308
435 227
435 235
435 247
435 257
435 260
435 267
435 275
435 278
435 288
435 291
435 292
435 313
436 231
436 247
436 254
436 258
436 270
436 276
436 285
436 298
436 312
437 227
437 243
437 246
437 251
437 260
437 276
437 302
437 308
437 312
438 229
438 244
438 245
438 261
438 264
438 273
438 277
438 283
438 293
438 298
438 316
439 237
439 241
439 245
439 248
439 266
439 274
439 279
439 281
439 282
439 287
439 290
440 241
440 242
440 260
440 302
441 229
441 244
441 272
441 284
441 292
441 298
441 316
442 250
442 280
442 281
442 287
442 289
442 301
442 305
443 228
443 229
443 245
443 247
443 266
443 280
443 311
444 235
444 238
444 262
444 268
444 269
444 282
444 285
444 287
444 308
445 236
445 240
445 259
445 276
445 279
445 301
446 228
446 236
446 240
446 245
446 248
446 255
446 257
446 259
446 264
446 271
446 276
446 310
446 311
447 227
447 229
447 231
447 251
447 261
447 275
447 276
447 277
447 279
447 282
447 289
447 314
448 228
448 229
448 241
448 248
448 267
448 272
448 283
448 291
448 313
449 277
449 291
449 315
450 235
450 246
450 249
450 257
450 260
450 270
450 278
450 282
450 289
450 303
451 266
451 268
451 276
451 284
451 289
451 302
451 307
452 231
452 239
452 241
452 244
452 247
452 249
452 252
452 256
452 276
452 294
452 306
452 310
453 231
453 240
453 254
453 256
453 263
453 267
453 276
453 278
453 285
453 287
453 288
453 293
453 301
453 305
453 306
453 309
453 313
454 233
454 235
454 245
454 262
454 269
454 272
454 274
454 287
454 289
454 290
454 295
454 304
455 239
455 242
455 245
455 265
455 267
455 304
455 307
455 311
456 236
456 241
456 248
456 256
456 262
456 269
456 291
456 301
457 244
457 270
457 273
457 281
457 293
458 250
458 259
458 265
458 285
458 286
458 288
458 289
458 293
458 297
458 298
458 305
458 316
459 228
459 233
459 251
459 268
459 279
459 289
459 292
459 303
459 315
460 229
460 233
460 254
460 281
460 289
460 299
460 302
460 304
460 314
461 240
461 250
461 273
461 299
461 301
461 311
462 228
462 236
462 241
462 243
462 245
462 264
462 267
462 274
462 276
462 291
462 295
463 252
463 253
463 275
463 276
463 284
463 299
463 316
464 239
464 247
464 253
464 255
464 276
464 281
465 261
465 273
465 277
465 298
465 308
465 316
466 236
466 238
466 242
466 262
466 270
466 275
466 276
466 289
466 291
466 308
467 234
467 239
467 243
467 253
467 279
467 296
467 298
467 308
467 312
467 316
468 234
468 242
468 245
468 246
468 250
468 254
468 276
468 293
468 294
468 309
469 232
469 272
469 285
469 293
469 294
469 296
469 297
469 302
469 306
469 307
469 313
470 256
470 263
470 280
470 282
470 293
470 310
471 228
471 235
471 249
471 262
471 267
471 274
471 278
471 310
471 313
472 229
472 231
472 240
472 255
472 282
472 307
472 313
473 249
473 256
473 269
473 273
473 274
473 286
473 308
474 229
474 249
474 258
474 260
474 264
474 270
474 274
474 277
474 296
474 314
475 228
475 239
475 260
475 269
475 301
476 228
476 232
476 237
476 243
476 250
476 256
476 273
476 285
476 289
476 303
476 307
476 314
476 315
477 230
477 241
477 249
477 256
477 261
477 276
477 279
477 297
478 229
478 240
478 243
478 246
478 258
478 269
478 312
479 228
479 245
479 252
479 254
479 264
479 265
479 282
479 302
479 306
479 308
479 309
480 236
480 302
480 309
481 236
481 248
481 253
481 258
481 268
481 273
481 286
481 301
482 237
482 243
482 262
482 267
482 268
483 228
483 249
483 275
483 279
483 285
483 287
483 291
483 296
483 299
483 306
484 230
484 237
484 259
484 267
484 270
484 277
484 298
484 303
484 309
484 313
485 227
485 235
485 251
485 252
485 265
485 270
485 277
485 284
485 288
485 292
485 298
485 299
485 300
485 301
485 303
485 309
485 314
486 231
486 248
486 252
486 262
486 265
486 284
486 286
486 296
486 302
486 306
487 252
487 261
487 285
487 292
487 296
487 299
487 307
487 308
488 227
488 232
488 235
488 252
488 255
488 276
488 283
488 284
488 302
489 256
489 273
489 275
489 286
489 292
489 306
489 313
490 237
490 255
490 256
490 257
490 260
490 263
490 264
490 266
490 276
490 282
490 290
490 300
490 303
490 307
491 228
491 239
491 250
491 275
491 276
491 284
492 253
492 256
492 260
492 266
492 270
492 271
492 294
492 298
493 228
493 241
493 242
493 255
493 257
493 259
493 260
493 275
493 292
493 294
493 295
493 307
493 310
493 315
493 316
494 227
494 250
494 259
494 263
494 280
494 286
494 291
494 297
494 302
495 229
495 230
495 238
495 241
495 250
495 256
495 263
495 277
495 278
495 280
495 293
495 302
495 304
496 239
496 242
496 261
496 298
496 299
496 303
496 308
496 314
497 237
497 238
497 247
497 250
497 273
497 277
497 279
497 285
497 291
497 293
497 297
498 279
498 289
498 296
498 303
498 307
498 312
499 236
499 245
499 254
499 281
499 288
499 305
499 307
500 232
500 248
500 253
500 255
500 265
500 275
500 304
500 307
501 229
501 234
501 246
501 266
501 269
501 271
501 284
501 285
501 300
501 313
502 264
502 286
502 294
502 306
502 307
503 264
503 294
503 308
503 310
503 315
504 243
504 247
504 248
504 251
504 253
504 259
504 260
504 267
504 268
504 280
504 284
504 289
504 291
504 304
505 244
505 246
505 252
505 259
505 267
505 270
505 286
505 288
505 313
505 314
506 243
506 244
506 245
506 264
506 273
506 275
506 284
506 302
507 235
507 271
507 304
507 308
507 312
508 232
508 233
508 234
508 251
508 264
508 274
508 276
508 283
508 310
508 316
509 234
509 241
509 242
509 259
509 267
509 277
509 294
509 297
509 301
509 308
509 312
509 316
510 231
510 241
510 247
510 248
510 265
510 272
510 290
510 299
510 307
510 308
511 230
511 238
511 240
511 262
511 266
511 273
511 287
511 292
511 295
511 310
511 311
512 230
512 231
512 237
512 243
512 245
512 255
512 272
512 279
512 280
512 308
512 310
512 312
513 229
513 231
513 261
513 277
513 281
513 282
513 286
513 297
514 228
514 244
514 246
514 256
514 272
514 276
514 298
514 300
515 231
515 234
515 235
515 242
515 248
515 258
515 259
515 260
515 276
515 278
515 280
515 285
515 287
515 308
515 314
516 229
516 237
516 260
516 270
516 274
516 278
516 305
516 307
516 308
516 315
517 232
517 265
517 268
517 288
517 291
517 300
517 301
517 314
518 231
518 238
518 240
518 247
518 254
518 257
518 265
518 308
519 230
519 239
519 262
519 266
519 282
519 299
519 300
519 301
519 305
519 313
519 314
520 228
520 239
520 241
520 245
520 254
520 269
520 271
520 283
520 288
520 297
520 298
520 300
520 302
520 315
521 232
521 236
521 240
521 250
521 251
521 275
521 277
521 289
521 293
521 294
521 300
521 308
522 239
522 242
522 254
522 255
522 271
522 273
522 275
522 301
522 304
522 310
522 311
523 236
523 238
523 243
523 245
523 254
523 260
523 263
523 273
523 278
523 289
523 310
523 311
524 235
524 238
524 278
524 298
524 315
525 233
525 239
525 248
525 255
525 259
525 268
525 273
525 282
526 231
526 241
526 256
526 267
526 284
526 287
526 289
526 290
526 299
526 315
527 254
527 255
527 257
527 258
527 261
527 265
527 281
527 283
527 285
527 300
527 302
527 315
528 229
528 241
528 246
528 249
528 258
528 266
528 292
528 306
529 237
529 248
529 254
529 262
529 271
529 278
529 290
529 303
530 228
530 230
530 231
530 236
530 240
530 253
530 256
530 262
530 271
530 277
530 280
530 291
530 300
530 303
530 308
531 230
531 235
531 257
531 269
531 293
531 316
532 230
532 231
532 234
532 238
532 239
532 253
532 254
532 266
532 271
532 272
532 296
532 302
532 308
532 312
533 234
533 235
533 263
533 265
533 271
533 278
533 312
534 231
534 238
534 248
534 249
534 277
534 287
534 290
534 291
534 302
534 304
534 312
535 228
535 229
535 236
535 237
535 248
535 261
535 309
535 310
536 247
536 264
536 265
536 280
536 284
536 303
536 305
537 268
537 279
537 293
537 301
537 314
537 315
538 233
538 235
538 237
538 247
538 270
538 285
538 292
539 227
539 230
539 234
539 237
539 248
539 259
539 262
539 264
539 283
539 301
539 306
539 315
540 230
540 234
540 242
540 252
540 256
540 270
540 273
540 277
540 280
540 282
540 287
540 290
540 293
540 299
540 316
541 235
541 240
541 241
541 260
541 270
541 274
541 282
541 283
541 296
541 298
541 299
542 236
542 243
542 246
542 247
542 262
542 268
542 269
542 301
542 303
542 313
543 228
543 229
543 231
543 251
543 260
543 270
543 292
543 307
543 310
544 236
544 255
544 281
544 282
544 301
544 302
544 310
544 312
545 231
545 241
545 243
545 244
545 254
545 259
545 266
545 281
545 283
545 290
545 299
545 311
546 267
546 291
546 292
546 294
546 308
547 232
547 242
547 246
547 250
547 257
547 260
547 269
547 283
547 285
547 311
548 242
548 252
548 262
548 274
548 276
548 278
548 283
549 231
549 243
549 251
549 252
549 264
549 271
549 272
549 281
549 300
549 308
549 314
549 316
550 239
550 251
550 261
550 263
550 279
550 283
550 284
550 290
550 297
551 230
551 231
551 245
551 251
551 253
551 261
551 269
551 281
551 290
552 250
552 251
552 254
552 255
552 260
552 274
552 306
552 315
553 238
553 256
553 289
554 234
554 248
554 271
554 277
554 288
554 293
554 304
554 310
554 313
555 232
555 258
555 261
555 280
555 298
555 307
555 315
556 229
556 234
556 245
556 247
556 256
556 260
556 274
556 283
556 287
556 289
556 291
556 296
556 302
556 303
556 311
556 314
557 229
557 239
557 242
557 248
557 287
557 289
557 303
557 316
558 227
558 233
558 261
558 268
558 285
558 295
558 301
558 310
559 227
559 230
559 231
559 247
559 248
559 264
559 287
559 290
559 297
559 298
559 299
559 309
560 235
560 260
560 278
560 280
560 289
560 296
560 299
560 308
561 227
561 239
561 252
561 273
561 287
561 289
561 292
561 302
561 312
562 229
562 255
562 262
562 270
562 290
562 304
562 315
563 230
563 258
563 264
563 265
563 276
563 295
563 313
563 315
564 246
564 253
564 296
564 301
564 306
565 229
565 232
565 240
565 241
565 247
565 250
565 258
565 278
565 291
566 231
566 233
566 254
566 268
566 278
566 284
566 305
566 309
567 229
567 230
567 234
567 237
567 238
567 239
567 248
567 266
567 269
567 282
567 298
567 304
567 305
567 306
567 313
567 314
568 244
568 246
568 252
568 253
568 282
568 283
568 289
568 305
568 310
569 236
569 249
569 257
569 258
569 259
569 260
569 264
569 270
569 279
569 293
569 298
569 310
569 316
570 232
570 233
570 234
570 253
570 264
570 265
570 280
570 291
570 295
570 307
571 248
571 258
571 262
571 265
571 266
571 267
571 284
571 295
571 298
572 244
572 250
572 268
572 272
572 284
572 301
572 307
572 313
572 315
572 316
573 250
573 253
573 262
573 264
573 283
573 291
573 293
573 295
573 299
573 309
573 312
574 243
574 246
574 248
574 276
574 279
574 282
574 289
574 295
574 298
574 302
574 310
575 232
575 247
575 267
575 276
575 280
575 288
575 299
575 305
576 239
576 246
576 247
576 248
576 250
576 252
576 272
576 278
576 280
576 289
577 236
577 239
577 250
577 271
577 286
577 287
577 313
578 230
578 249
578 282
578 294
579 227
579 228
579 244
579 267
579 276
579 280
579 288
579 290
579 291
579 299
579 301
579 307
580 227
580 230
580 231
580 233
580 237
580 259
580 272
580 284
580 292
580 298
580 306
580 315
581 241
581 244
581 277
581 311
582 227
582 239
582 246
582 255
582 281
582 286
582 301
582 306
583 228
583 236
583 257
583 259
583 278
583 283
583 306
583 307
584 231
584 243
584 270
584 271
584 278
584 292
584 301
584 306
585 251
585 252
585 259
585 262
585 264
585 274
585 280
585 290
585 307
585 312
586 238
586 239
586 241
586 253
586 256
586 258
586 282
586 286
586 298
586 299
586 312
586 314
587 238
587 259
587 267
587 273
587 278
587 283
587 313
588 232
588 236
588 241
588 263
588 273
588 275
588 276
588 277
588 280
588 287
588 295
588 314
588 315
589 228
589 236
589 238
589 242
589 247
589 256
589 263
589 276
589 284
589 293
589 309
589 313
590 230
590 265
590 273
590 281
590 283
590 290
590 313
591 247
591 251
591 255
591 275
591 282
591 304
592 230
592 248
592 257
592 258
592 270
592 274
592 291
593 235
593 272
593 275
593 279
593 281
593 295
593 303
594 229
594 230
594 234
594 257
594 276
594 288
594 302
594 303
595 232
595 258
595 280
595 286
595 294
595 300
595 302
595 314
596 234
596 247
596 250
596 259
596 268
596 270
596 279
596 280
596 313
597 229
597 252
597 255
597 261
597 269
597 271
597 283
597 294
597 297
597 300
597 303
597 315
598 234
598 243
598 261
598 284
598 294
598 299
598 300
598 303
598 304
598 308
599 228
599 245
599 253
599 277
599 281
599 298
599 309
599 312
600 237
600 248
600 259
600 263
600 284
600 314
600 316
601 227
601 236
601 238
601 239
601 243
601 251
601 253
601 262
601 274
601 294
601 295
601 298
601 301
601 304
601 305
601 314
602 234
602 239
602 254
602 263
602 270
602 297
602 306
602 309
603 305
603 310
603 314
604 235
604 239
604 251
604 268
604 284
604 300
604 304
604 308
604 312
604 313
604 315
605 229
605 247
605 266
605 269
605 274
605 278
605 283
605 308
606 243
606 253
606 254
606 274
606 292
607 232
607 234
607 238
607 258
607 283
607 287
608 228
608 241
608 261
608 262
608 263
608 271
608 283
608 308
609 232
609 241
609 258
609 266
609 278
609 285
609 286
609 289
609 302
609 306
610 227
610 273
610 280
610 282
610 292
610 300
610 303
610 305
611 227
611 234
611 247
611 268
611 271
611 278
611 291
611 298
612 244
612 260
612 261
612 265
612 279
612 291
612 295
612 296
612 299
612 303
613 232
613 238
613 258
613 259
613 263
613 285
613 301
613 305
614 240
614 269
614 270
614 275
614 295
614 305
614 309
614 311
615 228
615 255
615 260
615 267
615 273
615 283
615 290
615 305
616 238
616 240
616 244
616 250
616 267
616 271
616 283
616 285
616 291
616 302
617 231
617 235
617 256
617 271
617 273
617 274
617 278
617 279
617 283
617 285
617 286
617 287
617 289
617 293
617 295
617 296
617 302
617 308
617 310
617 311
617 312
618 227
618 266
618 268
618 275
618 289
618 314
618 315
619 227
619 230
619 232
619 234
619 244
619 246
619 250
619 255
619 259
619 271
619 304
620 231
620 235
620 239
620 249
620 254
620 257
620 259
620 268
620 307
620 311
621 245
621 263
621 269
621 274
621 279
621 281
621 286
621 288
621 293
621 297
621 304
621 311
622 228
622 243
622 247
622 248
622 254
622 273
622 275
622 281
622 304
623 228
623 249
623 274
623 278
623 302
624 232
624 257
624 287
624 290
624 296
624 307
624 313
625 242
625 245
625 248
625 251
625 256
625 273
625 277
625 278
625 294
625 295
625 308
626 232
626 235
626 265
626 266
626 268
626 279
626 282
626 315
627 239
627 247
627 251
627 254
627 275
627 298
627 311
628 229
628 234
628 238
628 291
628 295
628 298
629 227
629 241
629 260
629 286
629 287
629 301
629 314
630 236
630 242
630 251
630 254
630 268
630 296
630 311
630 313
631 229
631 238
631 242
631 252
631 259
631 261
631 267
631 271
631 282
632 382
633 405
634 360
635 458
635 481
636 326
636 344
636 372
636 479
636 481
637 392
637 429
638 412
639 329
640 411
641 400
642 326
642 355
643 485
644 380
644 499
645 385
645 433
645 464
645 472
645 477
646 423
647 448
648 325
648 419
649 405
649 428
650 434
651 375
651 402
651 435
652 367
652 399
652 412
652 505
653 326
653 335
653 352
653 385
654 442
655 403
655 420
656 321
656 403
657 324
658 447
658 451
658 461
658 504
659 369
659 501
660 438
660 458
660 496
661 392
662 363
662 448
662 466
663 353
663 497
664 468
664 493
664 503
665 373
665 466
665 505
666 363
666 492
666 493
667 482
668 390
669 382
669 473
670 329
670 500
671 502
672 339
672 449
673 383
674 378
674 421
675 332
675 473
675 475
676 357
676 419
677 446
677 448
678 369
678 426
678 453
679 489
680 400
680 417
680 480
681 410
681 483
682 382
683 324
683 346
683 389
684 330
684 397
685 331
685 453
685 461
686 488
687 399
688 423
688 424
690 339
690 362
691 473
693 399
693 479
693 498
694 413
694 432
695 318
695 398
695 451
695 498
696 343
696 424
697 348
697 403
697 468
698 384
698 451
699 343
700 485
702 385
702 501
703 370
703 426
703 503
704 417
705 337
706 331
706 370
707 345
707 364
707 380
708 378
708 439
709 479
710 320
711 349
711 369
711 499
713 411
714 368
714 442
715 320
715 321
715 358
715 374
716 327
716 453
717 456
718 416
718 476
718 480
719 392
720 342
720 402
720 468
721 416
721 439
721 478
722 384
722 395
723 488
724 335
724 338
724 376
724 387
724 388
726 357
726 358
726 383
726 485
727 427
727 465
728 357
728 393
728 419
728 428
728 469
728 470
728 496
729 370
729 396
730 381
730 434
731 396
731 424
732 330
732 347
732 381
732 465
733 385
733 466
734 399
734 439
734 449
735 383
735 412
735 417
736 413
736 450
736 455
736 471
736 482
738 352
738 429
738 451
739 344
739 396
739 497
740 495
741 400
742 406
742 501
743 397
743 488
744 448
744 499
745 418
745 420
746 415
747 378
747 385
747 389
747 469
747 491
748 435
748 486
748 488
751 323
751 479
752 355
752 439
752 496
753 333
753 373
755 368
755 481
756 420
758 364
758 445
759 344
760 355
760 428
761 327
762 370
762 469
763 399
763 422
764 338
764 365
764 369
764 397
764 485
765 435
765 472
767 320
767 371
767 387
767 404
767 422
768 354
768 404
768 415
769 471
770 355
770 403
770 425
771 340
771 484
772 356
772 358
772 414
773 354
773 372
774 379
774 389
774 475
775 326
775 454
776 333
776 390
776 438
777 332
777 383
777 483
778 351
778 376
779 349
779 411
779 500
780 354
781 428
782 345
782 426
782 440
783 501
784 388
784 465
784 467
784 484
786 323
787 326
787 506
788 356
789 353
789 445
791 438
792 436
793 368
793 492
794 336
795 471
796 465
796 476
797 332
797 455
798 347
798 369
799 348
799 382
799 396
799 487
800 369
800 374
800 381
800 390
800 462
800 469
800 506
801 317
801 367
801 368
801 373
802 400
802 418
802 424
803 361
803 440
803 441
804 429
805 326
805 332
805 363
805 501
806 422
807 448
808 333
808 351
808 492
809 335
809 421
810 317
810 443
810 478
811 483
812 468
813 452
814 408
814 422
815 321
815 399
815 472
816 353
816 370
816 436
816 496
817 369
818 338
818 410
818 447
818 482
818 503
819 406
819 438
819 500
820 346
821 319
821 354
822 349
822 350
822 374
822 402
824 328
825 423
827 471
828 394
828 398
828 416
828 459
829 369
830 424
830 473
830 504
830 505
831 348
831 381
831 390
831 506
832 374
832 392
832 401
832 402
832 462
832 474
833 441
833 446
833 450
833 455
834 354
834 407
835 334
835 344
836 359
836 477
836 479
837 320
838 440
839 326
839 355
839 401
840 343
840 354
840 414
840 448
841 386
843 418
844 381
845 469
846 404
846 461
847 348
847 394
848 430
848 447
849 342
849 376
849 397
849 432
851 408
851 416
851 435
852 361
853 378
853 443
855 385
855 430
855 488
856 428
856 462
857 326
858 336
858 341
859 424
859 459
859 492
860 321
860 364
860 413
860 447
862 409
862 412
862 416
863 430
863 435
863 465
863 494
863 506
864 427
864 499
866 396
866 462
869 392
869 425
870 359
871 394
871 494
873 475
873 480
874 377
874 423
874 456
875 335
875 359
876 414
876 468
877 382
878 369
878 485
878 506
881 400
881 431
882 441
883 328
883 335
883 344
883 374
883 407
884 393
885 343
886 327
886 441
886 469
886 482
887 356
887 425
888 387
888 425
888 472
890 372
891 485
892 379
893 351
894 331
895 409
895 503
896 364
896 372
897 407
897 501
898 333
898 355
899 356
899 362
899 423
899 442
899 460
900 460
900 478
901 338
902 360
902 398
902 504
904 416
905 401
905 506
906 340
906 364
906 367
907 386
909 377
911 352
911 436
911 484
912 469
912 479
913 414
914 319
914 426
915 410
915 422
916 427
917 458
918 435
919 419
920 326
920 327
920 366
921 352
922 445
923 338
923 364
923 397
923 447
924 319
924 461
925 448
926 352
926 355
926 497
928 322
928 340
928 480
930 319
931 339
931 349
931 366
932 364
932 446
932 487
933 354
933 359
933 445
934 450
934 473
935 362
935 488
937 355
938 325
938 329
938 355
938 369
938 448
939 336
939 390
939 396
939 462
939 492
941 422
941 499
943 334
943 487
945 333
945 395
946 380
946 450
947 328
947 414
947 462
948 376
948 424
948 441
948 476
948 494
948 495
949 332
949 479
953 418
954 400
954 420
954 427
955 366
955 445
955 468
956 321
958 342
958 412
959 407
959 447
960 481
962 424
962 470
962 479
962 502
965 356
965 360
965 436
965 461
966 335
966 342
966 473
967 367
967 369
967 374
968 351
968 357
968 395
968 482
968 502
969 329
969 376
969 409
970 339
970 369
970 467
971 331
972 331
972 418
972 423
973 409
974 332
974 407
974 455
975 371
975 475
976 386
976 469
976 492
977 384
977 387
977 423
979 462
980 449
980 454
981 415
981 440
982 409
982 434
982 474
983 361
983 417
984 346
984 370
985 329
985 459
985 460
985 466
986 389
987 364
987 390
988 339
988 375
988 396
988 501
989 369
989 407
989 482
990 404
990 431
990 467
991 392
991 412
991 425
992 388
992 392
993 377
993 416
993 438
996 367
998 385
998 405
998 432
998 440
998 490
999 450
1000 394
1001 336
1001 355
1001 377
1001 400
1003 370
1003 497
1005 370
1006 427
1007 340
1007 402
1007 409
1007 473
1008 377
1008 415
1009 352
1009 370
1009 395
1010 320
1010 349
1010 363
1011 343
1011 361
1011 363
1011 494
1012 391
1014 338
1014 388
1014 440
1016 341
1016 395
1016 410
1018 498
1021 406
1022 340
1022 363
1022 504
1023 342
1023 388
1023 429
1023 451
1024 431
1024 448
1024 493
1024 495
1025 373
1025 441
1026 470
1027 478
1028 366
1028 382
1028 406
1031 355
1031 414
1031 443
1033 342
1033 415
1033 498
1034 403
1034 454
1034 485
1034 487
1034 490
1034 493
1036 422
1037 487
1038 501
1039 320
1039 466
1039 477
1040 326
1040 344
1040 399
1040 431
1040 438
1041 456
1041 501
1042 376
1042 399
1042 464
1044 492
1045 336
1045 474
1046 375
1047 321
1047 407
1048 332
1048 379
1048 481
1049 460
1050 357
1050 379
1050 416
1050 442
1051 462
1051 504
1052 472
1053 398
1054 375
1054 410
1054 438
1055 380
1056 337
1057 353
1057 402
1057 426
1057 472
1058 352
1059 427
1060 336
1060 457
1063 369
1063 390
1063 421
1063 433
1063 478
1064 330
1064 343
1064 495
1065 501
1066 361
1068 335
1068 493
1068 498
1070 332
1071 433
1071 436
1071 441
1071 490
1072 365
1073 366
1073 417
1073 491
1074 496
1075 400
1076 357
1076 454
1077 423
1078 377
1078 409
1079 359
1079 500
1080 325
1081 330
1082 399
1082 447
1082 456
1082 459
1082 489
1082 496
1083 356
1083 377
1084 405
1085 357
1085 405
1086 418
1086 495
1086 503
1087 328
1087 359
1087 419
1087 425
1087 440
1088 463
1089 317
1089 448
1090 352
1090 381
1090 393
1090 409
1091 373
1091 438
1091 454
1092 364
1093 335
1093 353
1093 469
1094 352
1094 362
1094 485
1094 486
1095 371
1095 437
1097 327
1097 348
1097 357
1097 364
1098 347
1098 386
1098 495
1098 505
1099 328
1100 425
1101 478
1102 342
1102 481
1103 443
1103 489
1104 481
1105 422
1105 470
1107 342
1107 459
1108 433
1109 492
1110 364
1110 412
1110 506
1111 384
1111 451
1111 493
1112 410
1113 330
1113 334
1113 349
1113 372
1113 489
1114 469
1115 479
1116 398
1116 458
1116 480
1117 338
1117 348
1117 424
1117 451
1117 455
1118 325
1118 496
1120 331
1120 375
1120 447
1121 383
1121 467
1122 428
1122 500
1123 327
1123 506
1124 388
1124 420
1124 472
1125 378
1125 382
1126 378
1127 335
1127 363
1127 468
1128 350
1130 348
1130 417
1130 441
1131 318
1131 333
1132 372
1132 477
1132 480
1133 488
1134 376
1134 377
1134 421
1134 486
1135 317
1135 432
1138 438
1138 483
1139 374
1139 462
1139 467
1140 369
1140 401
1140 473
1140 498
1140 499
1141 429
1142 390
1142 403
1143 356
1143 375
1143 459
1144 463
1145 428
1145 446
1145 450
1146 362
1147 367
1147 405
1148 339
1148 500
1149 323
1149 334
1150 350
1150 442
1151 408
1151 412
1151 418
1151 499
1152 328
1152 378
1152 435
1152 466
1153 333
1153 470
1154 363
1155 324
1155 456
1155 492
1157 346
1157 469
1157 504
1159 317
1159 365
1160 354
1160 381
1160 387
1160 388
1160 395
1160 404
1160 489
1161 341
1162 319
1162 411
1162 490
1165 317
1165 426
1166 351
1166 365
1167 397
1167 430
1169 325
1169 348
1169 447
1169 474
1170 415
1170 453
1170 485
1171 455
1172 343
1173 426
1173 461
1174 322
1177 432
1177 469
1178 338
1178 431
1179 344
1179 499
1180 408
1180 423
1181 478
1182 357
1182 440
1183 417
1185 340
1185 369
1185 380
1185 381
1185 485
1186 326
1186 482
1187 322
1187 373
1188 341
1188 440
1189 333
1190 388
1192 483
1193 417
1193 430
1194 327
1194 463
1195 357
1195 409
1196 346
1196 424
1196 496
1197 336
1197 493
1199 416
1200 414
1200 475
1201 324
1201 328
1203 395
1203 396
1203 463
1205 330
1206 385
1206 450
1207 431
1209 357
1209 403
1209 445
1210 402
1210 489
1211 377
1211 396
1211 423
1211 496
1211 501
1212 375
1212 418
1212 433
1213 345
1214 450
1214 497
1215 336
1215 409
1215 497
1216 377
1216 389
1216 434
1216 459
1216 505
1217 489
1218 385
1218 439
1218 493
1219 430
1219 447
1220 423
1220 479
1220 483
1221 340
1221 405
1222 397
1224 465
1227 337
1227 361
1227 420
1228 384
1229 334
1229 492
1230 378
1230 419
1230 479
1231 393
1231 395
1231 453
1232 380
1234 351
1234 399
1234 455
1235 379
1235 401
1236 408
1237 339
1238 331
1238 445
1239 453
1240 379
1240 388
1241 385
1241 407
1242 424
1242 445
1242 476
1243 326
1244 376
1244 452
1244 493
1245 328
1245 474
1245 481
1249 335
1249 355
1249 367
1249 403
1249 429
1249 461
1250 463
1250 492
1251 374
1251 387
1251 434
1252 321
1252 386
1254 437
1254 439
1255 479
1256 345
1256 436
1259 361
1259 413
1260 331
1260 368
1261 396
1261 462
1262 362
1262 419
1262 500
1263 416
1263 424
1263 498
1265 341
1265 374
1266 413
1267 368
1268 385
1268 417
1269 372
1269 412
1270 430
1271 327
1271 438
1271 457
1273 502
1273 506
1274 332
1274 493
1275 349
1276 416
1276 453
1278 440
1280 326
1280 345
1281 450
1282 483
1283 324
1283 378
1283 432
1283 434
1284 398
1285 388
1286 346
1286 396
1286 492
1287 321
1287 385
1288 354
1288 483
1288 505
1289 419
1289 497
1290 469
1291 497
1292 432
1292 437
1292 464
1293 327
1293 382
1294 479
1295 361
1295 461
1295 480
1295 493
1296 406
1297 342
1297 374
1297 424
1297 441
1297 503
1298 391
1299 338
1299 424
1299 472
1302 446
1303 372
1304 336
1304 369
1304 439
1304 485
1305 392
1305 481
1306 491
1307 385
1308 338
1308 383
1308 422
1308 468
1310 323
1311 495
1311 500
1312 341
1312 393
1314 393
1314 422
1314 463
1314 479
1315 370
1315 406
1315 444
1315 480
1316 338
1316 393
1317 400
1318 399
1318 492
1319 407
1319 419
1319 461
1320 329
1320 400
1321 360
1321 465
1322 352
1322 497
1323 390
1323 465
1324 400
1324 437
1325 331
1325 349
1325 379
1326 389
1326 401
1326 459
1327 327
1327 351
1327 500
1328 325
1328 329
1328 440
1328 502
1329 477
1330 470
1330 503
1331 472
1332 393
1332 484
1333 432
1333 498
1334 372
1334 401
1336 352
1336 420
1336 438
1337 333
1337 345
1337 353
1337 365
1337 384
1337 506
1338 345
1338 464
1339 355
1340 363
1341 358
1341 396
1342 322
1342 466
1343 323
1343 391
1345 370
1345 372
1345 408
1346 415
1347 408
1348 450
1350 334
1350 361
1350 369
1350 402
1350 497
1351 388
1351 412
1351 463
1351 493
1354 379
1354 425
1354 443
1354 483
1355 327
1355 426
1356 368
1356 380
1356 494
1356 505
1357 368
1357 451
1358 450
1358 484
1359 430
1359 452
1359 468
1360 402
1360 432
1362 462
1362 474
1363 371
1364 432
1365 389
1365 494
1366 393
1366 446
1367 483
1368 398
1368 411
1369 327
1369 416
1370 333
1370 351
1370 437
1371 375
1371 495
1372 395
1372 407
1372 436
1374 502
1375 327
1375 360
1375 479
1376 373
1377 447
1377 496
1377 499
1380 416
1380 447
1381 387
1382 328
1382 486
1383 380
1383 462
1384 352
1384 398
1384 452
1385 356
1385 399
1386 379
1386 384
1386 475
1387 455
1387 500
1388 385
1388 421
1388 483
1389 343
1389 357
1389 402
1389 425
1389 501
1390 332
1390 373
1390 381
1390 476
1391 374
1391 405
1392 381
1392 494
1393 482
1394 367
1394 433
1394 443
1395 420
1395 475
1397 377
1397 384
1397 422
1397 498
1398 323
1399 333
1401 368
1401 396
1401 399
1401 446
1401 471
1401 473
1403 379
1405 320
1408 352
1408 391
1409 325
1409 369
1409 411
1409 436
1409 496
1410 372
1410 410
1410 423
1412 366
1412 457
1412 506
1413 336
1413 447
1415 484
1416 423
1417 331
1417 415
1417 428
1418 349
1419 345
1419 352
1420 391
1420 438
1421 338
1421 370
1421 443
1421 481
1423 361
1423 385
1424 330
1425 393
1425 434
1426 436
1426 444
1427 320
1427 359
1427 402
1427 471
1427 486
1428 427
1429 322
1429 426
1429 477
1430 389
1430 492
1431 338
1431 341
1431 494
1432 327
1432 504
1433 379
1434 345
1434 431
1434 492
1435 381
1435 470
1436 448
1436 464
1437 337
1437 420
1438 320
1438 364
1438 467
1439 398
1439 444
1439 469
1440 336
1441 368
1442 373
1443 372
1443 377
1444 365
1444 453
1444 471
1444 482
1444 500
1445 495
1445 496
1446 456
1446 468
1447 358
1447 377
1447 401
1447 423
1449 467
1449 480
1450 453
1451 320
1451 449
1452 496
1453 421
1453 477
1454 370
1455 427
1455 438
1455 439
1455 464
1455 501
1456 493
1457 362
1457 435
1458 343
1458 416
1459 387
1459 406
1459 459
1460 406
1461 319
1461 361
1462 379
1462 492
1463 331
1463 355
1463 442
1463 465
1465 424
1466 377
1466 399
1467 379
1467 388
1467 472
1467 480
1468 501
1469 462
1470 349
1470 424
1471 474
1473 364
1473 429
1473 432
1473 443
1474 370
1474 454
1475 343
1475 371
1475 422
1476 321
1476 328
1476 392
1476 411
1477 422
1477 433
1477 458
1477 479
1478 407
1478 454
1480 344
1480 378
1481 321
1481 342
1482 471
1482 483
1483 351
1483 483
1484 392
1484 446
1484 452
1486 317
1487 414
1487 434
1487 503
1488 319
1488 374
1489 319
1489 506
1490 331
1490 340
1490 405
1490 408
1491 345
1491 348
1491 444
1492 376
1493 362
1493 394
1494 388
1494 398
1494 409
1494 420
1494 465
1494 495
1495 338
1495 352
1496 364
1496 384
1496 391
1496 506
1497 399
1497 431
1498 357
1498 360
1498 412
1498 434
1499 390
1500 425
1501 453
1501 488
1502 389
1502 472
1502 499
1503 353
1503 369
1503 431
1503 472
1504 450
1505 403
1505 435
1505 458
1507 321
1507 327
1507 332
1507 409
1508 485
1509 452
1510 485
1513 356
1513 450
1513 486
1514 318
1514 381
1514 413
1515 332
1515 388
1515 506
1516 327
1516 404
1517 401
1517 505
1519 465
1520 460
1520 480
1521 465
1522 355
1522 467
1522 470
1523 494
1524 415
1525 366
1527 469
1527 475
1527 491
1528 363
1528 411
1528 424
1528 483
1529 388
1530 357
1530 421
1531 319
1531 330
1531 401
1531 419
1531 462
1532 342
1532 405
1533 383
1533 447
1534 391
1534 425
1534 434
1534 506
1535 392
1535 454
1537 454
1537 466
1538 366
1538 417
1538 419
1538 420
1539 399
1539 429
1539 462
1539 479
1540 386
1541 330
1541 349
1541 370
1541 455
1541 461
1541 481
1542 350
1543 406
1543 423
1543 486
1544 359
1544 367
1544 381
1544 434
1545 335
1545 450
1545 463
1545 467
1546 353
1547 394
1547 477
1548 322
1548 331
1548 439
1548 443
1548 453
1549 321
1549 473
1550 366
1550 466
1551 352
1551 427
1552 337
1552 371
1553 325
1553 421
1554 319
1555 405
1556 381
1556 413
1556 446
1556 473
1557 363
1557 384
1558 350
1558 415
1558 420
1559 350
1559 439
1560 319
1560 340
1560 390
1560 429
1560 505
1562 349
1562 432
1564 340
1564 399
1565 404
1566 442
1567 440
1567 473
1568 342
1570 476
1570 494
1573 421
1573 428
1573 506
1574 442
1574 449
1574 459
1574 482
1574 498
1575 447
1575 483
1576 354
1576 358
1576 362
1576 388
1576 482
1576 492
1577 348
1577 388
1577 465
1579 422
1579 433
1579 468
1579 506
1580 323
1580 390
1581 471
1582 376
1582 431
1583 393
1583 419
1584 447
1584 470
1585 320
1585 333
1585 368
1585 405
1585 425
1585 445
1586 322
1587 341
1587 446
1589 482
1590 476
1590 505
1591 404
1591 475
1592 481
1592 503
1593 420
1593 441
1594 418
1595 404
1596 381
1597 454
1597 492
1598 438
1599 353
1600 444
1601 345
1601 444
1601 481
1602 437
1602 465
1603 418
1603 420
1603 489
1604 381
1604 491
1604 502
1606 453
1607 348
1607 472
1607 504
1608 382
1608 393
1608 412
1610 375
1610 398
1611 390
1611 393
1612 319
1612 365
1612 408
1612 437
1612 450
1612 469
1614 427
1615 334
1615 351
1616 374
1616 385
1617 323
1617 356
1617 402
1617 439
1617 468
1618 410
1619 349
1620 360
1620 403
1620 492
1621 416
1622 365
1622 505
1623 352
1623 358
1623 500
1624 347
1624 441
1625 343
1625 444
1626 364
1626 407
1626 436
1626 485
1627 319
1627 393
1627 498
1629 344
1629 400
1629 453
1630 408
1630 457
1631 357
1632 379
1633 364
1634 333
1634 355
1634 384
1634 476
1635 476
1635 478
1636 361
1636 413
1636 418
1636 466
1636 468
1636 503
1637 392
1638 323
1638 328
1638 375
1638 446
1638 470
1639 339
1639 370
1639 421
1639 499
1641 376
1641 480
1642 323
1642 342
1642 398
1642 458
1643 428
1643 466
1644 378
1644 392
1644 404
1644 429
1645 344
1645 369
1645 390
1645 458
1645 463
1646 409
1647 403
1647 493
1648 445
1649 334
1649 435
1650 353
1651 322
1651 443
1651 466
1651 502
1652 417
1652 487
1653 398
1653 407
1654 438
1656 379
1656 385
1657 426
1657 434
1657 498
1658 497
1659 323
1659 492
1662 462
1663 318
1663 321
1663 338
1663 359
1663 432
1664 422
1664 468
1665 327
1665 412
1665 494
1666 349
1666 385
1666 387
1666 388
1666 449
1667 352
1667 379
1667 392
1667 424
1667 488
1668 435
1668 484
1669 496
1670 352
1670 392
1670 393
1670 463
1671 323
1671 385
1671 389
1672 383
1672 405
1672 409
1672 485
1673 352
1673 399
1674 360
1674 438
1674 503
1675 407
1675 433
1676 328
1676 371
1676 407
1677 325
1678 397
1679 386
1680 360
1680 447
1680 469
1681 402
1682 324
1682 376
1683 385
1684 325
1684 361
1684 402
1684 411
1684 436
1684 476
1685 440
1685 473
1685 499
1686 362
1687 446
1687 462
1688 383
1688 444
1688 478
1689 354
1689 477
1690 349
1690 400
1690 466
1690 481
1691 393
1692 347
1692 348
1692 408
1694 445
1695 487
1696 376
1696 386
1696 469
1696 494
1698 378
1699 321
1699 337
1700 346
1700 401
1701 325
1701 330
1701 336
1701 479
1702 398
1702 416
1703 442
1703 452
1703 502
1704 349
1704 408
1704 411
1706 317
1706 453
1707 440
1708 388
1708 436
1708 460
1708 497
1709 318
1709 340
1709 371
1710 330
1711 426
1711 458
1712 339
1712 355
1712 360
1712 381
1712 413
1713 370
1713 405
1715 330
1716 454
1716 464
1717 454
1718 427
1718 499
1719 328
1719 373
1719 459
1721 331
1721 455
1721 456
1721 499
1722 424
1723 318
1723 355
1723 374
1723 443
1724 369
1725 370
1725 439
1725 484
1726 361
1726 440
1727 470
1727 487
1728 415
1729 506
1730 380
1731 324
1731 366
1734 459
1734 495
1735 496
1736 321
1736 504
1737 317
1737 495
1738 392
1738 416
1739 383
1739 429
1739 506
1740 353
1740 370
1740 455
1740 458
1740 498
1741 400
1741 414
1742 329
1742 373
1746 336
1746 342
1746 383
1746 409
1747 479
1748 501
1749 343
1749 451
1750 330
1750 419
1750 449
1750 482
1751 351
1752 377
1753 425
1753 457
1753 461
1753 485
1754 328
1754 405
1754 495
1755 357
1756 358
1756 426
1756 470
1757 402
1758 324
1758 349
1758 387
1758 414
1759 420
1761 468
1762 320
1762 344
1762 419
1762 475
1764 370
1764 463
1765 435
1765 464
1766 435
1766 501
1767 370
1767 495
1768 369
1768 483
1770 346
1770 398
1771 485
1772 369
1773 378
1773 421
1773 479
1774 339
1774 441
1774 497
1775 357
1775 505
1776 348
1778 435
1778 503
1779 367
1780 328
1780 403
1780 484
1781 341
1781 342
1782 417
1782 461
1783 418
1784 473
1785 444
1785 496
1786 385
1786 415
1786 439
1788 323
1788 383
1788 442
1788 499
1789 367
1789 395
1789 477
1789 481
1789 494
1791 390
1791 399
1792 345
1792 354
1795 340
1795 364
1795 448
1796 419
1796 486
1797 474
1797 487
1798 436
1798 440
1799 357
1800 414
1800 435
1802 390
1802 474
1802 483
1802 496
1803 353
1803 369
1803 375
1804 385
1805 324
1805 455
1805 464
1806 417
1807 347
1807 433
1808 341
1808 419
1808 441
1809 333
1809 345
1812 328
1812 355
1812 357
1812 401
1812 439
1812 440
1813 409
1813 443
1814 334
1814 347
1815 385
1816 337
1816 406
1818 332
1818 405
1818 432
1819 394
1820 356
1820 359
1820 412
1820 453
1821 460
1821 492
1822 344
1822 461
1823 340
1823 394
1823 429
1823 447
1825 362
1826 353
1826 382
1826 448
1826 492
1827 328
1828 372
1828 408
1828 419
1828 453
1828 471
1829 467
1830 460
1830 489
1831 366
1831 472
1833 334
1833 463
1834 467
1835 346
1836 339
1836 434
1837 330
1837 333
1837 358
1837 388
1837 481
1838 471
1838 475
1838 484
1838 492
1838 499
1839 480
1839 498
1840 324
1840 412
1840 429
1841 321
1841 395
1841 403
1842 502
1843 330
1843 454
1844 416
1845 344
1845 415
1845 454
1846 475
1848 473
1848 504
1849 462
1849 490
1850 410
1851 482
1852 393
1852 469
1853 345
1853 362
1853 449
1854 496
1855 488
1856 428
1856 446
1856 462
1856 472
1857 338
1858 330
1858 348
1859 326
1859 387
1860 383
1861 327
1861 504
1864 421
1864 442
1864 477
1865 326
1865 489
1866 350
1866 359
1866 502
1868 381
1868 447
1868 503
1869 392
1869 500
1870 335
1870 459
1871 328
1871 433
1873 394
1873 426
1873 455
1873 501
1874 413
1875 404
1875 458
1875 502
1875 503
1876 350
1876 443
1877 320
1877 327
1877 345
1877 373
1878 396
1878 490
1879 372
1879 413
1879 451
1881 385
1881 445
1881 472
1883 419
1883 429
1884 427
1884 479
1885 362
1885 410
1885 484
1886 501
1887 442
1888 351
1888 392
1888 462
1890 388
1890 419
1890 431
1890 486
1891 500
1892 370
1893 373
1893 479
1893 484
1894 495
1895 363
1895 409
1895 420
1895 450
1895 483
1895 502
1895 505
1897 434
1897 440
1899 465
1899 488
1900 442
1900 462
1900 505
1903 474
1904 347
1904 466
1906 343
1906 453
1906 506
1908 322
1908 328
1908 475
1908 496
1910 388
1910 432
1911 324
1911 338
1911 416
1911 504
1912 324
1912 416
1912 443
1912 477
1913 467
1914 346
1914 382
1915 379
1916 317
1916 376
1917 354
1917 398
1917 425
1918 362
1919 377
1919 431
1920 395
1920 397
1920 469
1921 421
1921 439
1921 461
1922 359
1922 417
1922 506
1923 402
1923 428
1923 437
1924 399
1925 330
1927 329
1927 481
1929 395
1929 445
1929 476
1930 457
1930 460
1931 413
1932 322
1932 341
1932 346
1932 379
1932 482
1933 321
1933 354
1933 368
1933 480
1933 499
1934 350
1935 360
1936 489
1937 448
1938 381
1939 359
1939 446
1941 342
1942 433
1943 363
1943 372
1943 376
1944 408
1945 380
1945 453
1946 408
1946 468
1947 366
1947 378
1947 478
1948 334
1948 380
1948 382
1949 404
1949 443
1949 457
1950 397
1950 404
1950 427
1950 459
1951 447
1952 341
1952 484
1954 479
1955 404
1956 334
1956 448
1956 478
1957 481
1958 425
1958 465
1959 334
1959 358
1959 377
1959 462
1960 489
1961 367
1961 504
1962 412
1962 466
1964 395
1964 478
1965 318
1965 383
1966 322
1966 379
1966 426
1967 376
1967 384
1967 397
1967 400
1967 430
1968 336
1968 364
1968 436
1969 345
1969 360
1970 334
1970 354
1970 370
1971 387
1971 495
1972 317
1972 391
1972 407
1972 408
1972 417
1972 484
1973 432
1973 501
1974 461
1975 369
1975 392
1975 475
1976 333
1976 348
1976 461
1976 464
1978 468
1979 404
1979 413
1979 496
1981 362
1982 347
1982 464
1983 481
1984 483
1985 435
1985 461
1985 496
1986 342
1986 358
1986 385
1986 415
1987 435
1987 495
1987 500
1989 446
1990 430
1992 345
1992 485
1993 325
1993 462
1994 354
1995 405
1995 406
1995 497
1996 321
1996 384
1996 463
1997 442
1998 477
1999 371
1999 476
1999 495
1999 500
2000 321
2000 373
2000 431
2000 486
2000 497
2001 434
2003 319
2004 367
2004 484
2004 490
2004 496
2005 485
2006 350
2006 419
2006 460
2007 352
2007 414
2008 339
2008 369
2008 466
2009 334
2009 405
2009 409
2009 473
2010 471
2011 358
2011 396
2011 483
2012 317
2013 418
2013 448
2013 475
2014 355
2014 432
2015 352
2015 396
2015 439
2015 475
2015 506
2016 429
2016 466
2017 357
2017 359
2017 381
2017 395
2017 441
2018 356
2018 458
2018 462
2019 318
2019 490
2020 366
2020 495
2021 341
2021 503
2022 319
2022 394
2023 402
2024 444
2025 331
2025 340
2025 452
2026 331
2027 333
2028 497
2029 330
2029 356
2029 462
2029 490
2030 414
2031 345
2031 402
2033 417
2034 400
2034 468
2036 452
2037 389
2037 448
2039 387
2039 425
2039 445
2039 481
2040 375
2041 344
2041 365
2042 413
2043 445
2044 329
2044 367
2046 405
2046 414
2046 467
2047 317
2047 366
2047 392
2047 410
2048 336
2049 387
2049 438
2050 448
2050 450
2051 339
2052 444
2054 326
2054 443
2056 444
2056 494
2057 337
2057 375
2057 388
2057 484
2058 399
2058 424
2058 491
2059 454
2060 362
2060 420
2060 503
2061 392
2061 442
2062 450
2064 382
2064 480
2065 354
2065 365
2065 389
2065 482
2066 423
2066 432
2066 453
2067 415
2067 476
2068 356
2069 321
2069 426
2069 480
2070 344
2070 397
2071 443
2072 448
2072 450
2072 475
2073 379
2073 469
2073 502
2076 402
2076 428
2077 401
2077 461
2078 319
2078 391
2078 458
2078 500
2079 431
2079 502
2080 488
2081 444
2081 462
2082 471
2083 368
2084 453
2085 388
2086 370
2086 440
2087 374
2087 448
2089 490
2090 396
2090 421
2090 474
2091 397
2093 367
2093 395
2094 419
2094 500
2095 429
2097 399
2097 465
2097 500
2098 355
2098 398
2099 322
2100 328
2102 373
2102 482
2102 503
2103 362
2103 487
2104 389
2104 444
2105 463
2105 486
2106 329
2106 358
2106 379
2106 417
2106 474
2107 359
2107 385
2107 404
2108 347
2108 363
2108 427
2108 468
2109 372
2109 470
2110 423
2111 323
2111 370
2111 376
2111 421
2111 498
2112 442
2112 459
2112 465
2113 334
2113 434
2113 488
2114 361
2114 395
2114 475
2114 495
2115 372
2115 440
2117 394
2118 339
2118 343
2118 476
2119 506
2120 502
2122 389
2123 400
2124 336
2124 457
2125 333
2125 381
2125 491
2126 432
2126 474
2128 387
2129 392
2129 417
2129 420
2129 486
2130 494
2131 320
2131 373
2131 425
